132 63.6976 63.6976 0 24.0352 10.3 10.3 0 0 15229
640 121.496 57.7981 0 24.0352 10.4167 10.4167 0 0 2
101 171.205 49.7091 0 24.0352 10.7667 10.7667 0 0 3
288 219.326 48.1208 0 24.0352 10.7667 10.7667 0 0 0
125 263.153 43.827 0 24.0352 10.9833 10.9833 0 0 2
268 302.489 39.3364 0 24.0352 12.55 12.55 0 0 8
275 338.847 36.3581 0 24.0352 13.4167 13.4167 0 0 4
609 374.35 35.5031 0 24.0352 14.8 14.8 0 0 6
1293 409.135 34.7846 0 24.0352 15.7 15.7 0 0 4
67 444.275 35.1403 0 24.0352 16.25 16.25 0 0 2
413 479.666 35.3913 0 24.0352 16.8833 16.8833 0 0 2
607 510.738 31.0713 0 24.1602 24.2333 24.2333 0 0 24
1163 543.714 32.9767 0 24.1602 24.25 24.25 0 0 0
81 575.301 31.5865 0 24.1406 26.9833 26.9833 0 0 9
536 603.071 27.77 0 24.1406 33.55 33.55 0 0 18
237 630.488 27.4167 0 24.1406 35.5333 35.5333 0 0 5
4825 659.719 29.2314 0 24.1406 35.8167 35.8167 0 0 1
16 687.894 28.1748 0 24.1406 36.1167 36.1167 0 0 1
3684 717.201 29.3075 0 24.1406 36.7333 36.7333 0 0 2
222 743.644 26.443 0 24.1406 39.0167 39.0167 0 0 5
9 769.947 26.3027 0 24.1406 43.9833 43.9833 0 0 12
563 796.942 26.9951 0 24.1406 48.55 48.55 0 0 13
1160 823.789 26.8472 0 24.1406 54.0167 54.0167 0 0 11
61 848.062 24.2726 0 24.1406 60.2667 60.2667 0 0 17
248 871.317 23.2551 0 24.1406 67.0333 67.0333 0 0 18
193 896.049 24.7321 0 24.1406 67.4167 67.4167 0 0 1
42 922.803 26.7542 0 24.1406 68.6333 68.6333 0 0 3
