1 640 57.4449
2 132 120.339
3 125 165.995
4 67 202.83
5 413 237.255
6 275 277.833
7 607 313.085
8 4825 343.128
9 288 390.349
10 237 420.969
11 563 449.193
12 101 493.571
13 38 519.092
14 609 550.737
15 42 580.366
16 1160 609.101
17 77 632.42
18 560 663.15
19 240 692.297
20 268 728.74
21 193 750.408
22 81 785.929
23 536 809.681
24 3684 838.789
25 222 865.411
26 990 889.051
27 508 909.664
28 475 931.121
29 61 956.442
30 16 981.751
31 1828 1002.46
32 683 1021.35
33 1157 1045.14
34 513 1067.82
35 1450 1089.78
36 146 1108.13
37 24 1128.11
38 231 1152.76
39 5630 1172.07
40 360 1198.35
