640 31.6019 31.6019 0 138.445 0.15  
125 56.0411 24.4392 0 138.445 0.15  
132 78.6912 22.6501 0 138.445 0.15  
475 100.834 22.1426 0 138.445 0.166667  
327 122.388 21.5537 0 138.445 0.166667  
275 143.045 20.6577 0 138.445 0.166667  
563 163.679 20.6341 0 138.445 0.183333  
237 184.133 20.4535 0 138.445 0.183333  
639 204.132 19.9996 0 138.445 0.183333  
607 224.078 19.9452 0 138.445 0.183333  
101 243.374 19.2962 0 138.445 0.2  
67 262.456 19.0821 0 138.445 0.2  
413 280.967 18.5106 0 138.445 0.2  
288 299.411 18.4442 0 138.445 0.216667  
201 317.702 18.2907 0 138.445 0.216667  
