132 63.6976 63.6976 0 24.0352 8.91667 8.91667 0 0 15229
640 121.496 57.7981 0 24.0352 8.98333 8.98333 0 0 2
101 171.205 49.7091 0 24.0352 9.21667 9.21667 0 0 3
288 219.326 48.1208 0 24.0352 9.21667 9.21667 0 0 0
125 263.153 43.827 0 24.0352 9.48333 9.48333 0 0 2
268 302.489 39.3364 0 24.0352 10.7 10.7 0 0 8
275 338.847 36.3581 0 24.0352 11.2833 11.2833 0 0 4
609 374.35 35.5031 0 24.0352 12.7167 12.7167 0 0 6
1293 409.135 34.7846 0 24.0352 13.8 13.8 0 0 4
67 444.275 35.1403 0 24.0352 14.2 14.2 0 0 2
413 479.666 35.3913 0 24.0352 14.8167 14.8167 0 0 2
607 510.738 31.0713 0 24.1602 22.4833 22.4833 0 0 24
1163 543.714 32.9767 0 24.1602 22.4833 22.4833 0 0 0
81 575.301 31.5865 0 24.1406 24.8667 24.8667 0 0 9
536 603.071 27.77 0 24.1406 31.7667 31.7667 0 0 18
