640 31.6019 31.6019 0 138.445 0.183333  
125 56.0411 24.4392 0 138.445 0.183333  
132 78.6912 22.6501 0 138.445 0.2  
475 100.834 22.1426 0 138.445 0.2  
327 122.388 21.5537 0 138.445 0.2  
275 143.045 20.6577 0 138.445 0.216667  
563 163.679 20.6341 0 138.445 0.216667  
237 184.133 20.4535 0 138.445 0.216667  
639 204.132 19.9996 0 138.445 0.216667  
607 224.078 19.9452 0 138.445 0.233333  
101 243.374 19.2962 0 138.445 0.233333  
67 262.456 19.0821 0 138.445 0.233333  
413 280.967 18.5106 0 138.445 0.25  
288 299.411 18.4442 0 138.445 0.25  
201 317.702 18.2907 0 138.445 0.25  
38 335.713 18.0118 0 138.445 0.25  
240 353.318 17.6047 0 138.445 0.266667  
77 370.812 17.4944 0 138.445 0.266667  
4825 388.209 17.3961 0 138.445 0.266667  
16 405.339 17.1304 0 138.445 0.266667  
81 422.437 17.0981 0 138.445 0.283333  
1450 439.516 17.0787 0 138.445 0.283333  
609 456.574 17.0582 0 138.445 0.283333  
1636 473.543 16.9686 0 138.445 0.283333  
1160 490.336 16.7936 0 138.445 0.283333  
508 506.963 16.6273 0 138.445 0.283333  
1163 523.404 16.4403 0 138.445 0.3  
867 539.745 16.3416 0 138.445 0.3  
513 556.042 16.2966 0 138.445 0.3  
536 572.283 16.2407 0 138.445 0.3  
564 588.466 16.1839 0 138.445 0.3  
42 604.397 15.9308 0 138.445 0.3  
100 620.31 15.913 0 138.445 0.316667  
211 636.081 15.7707 0 138.445 0.316667  
222 651.804 15.7231 0 138.445 0.316667  
