1 640 58.466
2 125 104.076
3 132 165.963
4 475 196.712
5 327 216.545
6 275 256.499
7 563 289.269
8 237 321.937
9 639 334.213
10 607 367.265
11 101 414.415
12 67 444.517
13 413 480.44
14 288 520.871
15 201 531.322
16 38 554.974
17 240 584.921
18 77 609.118
19 4825 638.204
20 16 671.266
21 81 699.844
22 1450 717.448
23 609 748.706
24 1636 757.318
25 1160 784.691
26 508 801.648
27 1163 832.97
28 867 852.475
29 513 872.912
30 536 898.956
31 564 916.437
32 42 939.804
33 100 955.566
34 211 976.308
35 222 995.322
