321 878.673 878.673 0 67.1094 59.8 59.8 0 0 114222
112586 1622.03 743.36 0 67.4844 60.6333 60.6333 0 0 1
353 2176.98 554.951 0 67.4492 62.15 62.15 0 0 1
68214 2720.03 543.052 0 67.707 64.4333 64.4333 0 0 1
12168 3238.04 518.008 0 67.8125 66.9167 66.9167 0 0 1
852 3710.44 472.399 0 67.8477 72.5 72.5 0 0 2
72164 4156.69 446.252 0 67.8438 75.9833 75.9833 0 0 1
5355 4584.29 427.592 0 67.8477 79.35 79.35 0 0 1
167 4999.34 415.058 0 67.9297 83.45 83.45 0 0 1
21255 5354.36 355.014 0 67.9453 87.2333 87.2333 0 0 1
12041 5642.07 287.709 0 67.9453 90.9167 90.9167 0 0 1
