34 6.82092 6.82092 0 40.1641 0  0 0 55
44 13.3127 6.49178 0 40.1641 0  0 0 1
54 18.6146 5.30192 0 40.1641 0  0 0 12
33 23.2659 4.65133 0 40.1641 0  0 0 7
40 27.0635 3.79755 0 40.1641 0  0 0 21
26 30.764 3.70054 0 40.1641 0.0166667  0 0 4
39 33.8373 3.07324 0 40.1641 0.0166667  0 0 10
48 36.7143 2.87707 0 40.1641 0.0166667  0 0 7
32 39.0872 2.37284 0 40.1641 0.0333333  0 0 23
55 41.3732 2.28601 0 40.1641 0.0333333  0 0 2
24 43.1356 1.76245 0 40.1641 0.0333333  0 0 18
45 44.8211 1.68543 0 40.1641 0.0333333  0 0 4
22 46.209 1.38792 0 40.1641 0.05  0 0 21
42 47.3719 1.16292 0 40.1641 0.05  0 0 9
19 48.4903 1.11842 0 40.1641 0.05  0 0 7
46 49.4495 0.959206 0 40.1641 0.05  0 0 12
20 50.2752 0.825669 0 40.1641 0.0666667  0 0 10
51 50.8812 0.605957 0 40.1641 0.0666667  0 0 15
8 51.4579 0.576755 0 40.1641 0.0666667  0 0 5
36 51.9125 0.45457 0 40.1641 0.0666667  0 0 12
