132 63.6976 63.6976 0 24.0352 8.45 8.45 0 0 15229
640 121.496 57.7981 0 24.0352 8.53333 8.53333 0 0 2
101 171.205 49.7091 0 24.0352 8.83333 8.83333 0 0 3
288 219.326 48.1208 0 24.0352 8.83333 8.83333 0 0 0
125 263.153 43.827 0 24.0352 9.05 9.05 0 0 2
268 302.489 39.3364 0 24.0352 10.3 10.3 0 0 8
275 338.847 36.3581 0 24.0352 11.1333 11.1333 0 0 4
609 374.35 35.5031 0 24.0352 12.25 12.25 0 0 6
1293 409.135 34.7846 0 24.0352 12.9667 12.9667 0 0 4
67 444.275 35.1403 0 24.0352 13.5333 13.5333 0 0 2
