640 42.7427 42.7427 0 54.4297 0.05  0 0 15229
132 75.9559 33.2132 0 54.4297 0.05  0 0 1
125 106.43 30.4741 0 54.4297 0.05  0 0 2
67 132.694 26.2636 0 54.4297 0.05  0 0 3
413 158.084 25.3904 0 54.4297 0.0666667  0 0 1
275 182.797 24.7133 0 54.4297 0.0666667  0 0 2
607 207.254 24.4564 0 54.4297 0.0666667  0 0 1
4825 230.561 23.3069 0 54.4297 0.0666667  0 0 4
288 253.697 23.1368 0 54.4297 0.0666667  0 0 1
237 276.486 22.7889 0 54.4297 0.0666667  0 0 3
563 298.908 22.4213 0 54.4297 0.0666667  0 0 1
101 321.088 22.18 0 54.4297 0.0833333  0 0 3
38 343.074 21.9867 0 54.4297 0.0833333  0 0 3
609 364.987 21.9133 0 54.4297 0.0833333  0 0 1
42 386.324 21.3365 0 54.4297 0.0833333  0 0 3
1160 407.527 21.2032 0 54.4297 0.0833333  0 0 1
77 428.579 21.0517 0 54.4297 0.0833333  0 0 1
560 449.557 20.978 0 54.4297 0.0833333  0 0 1
240 470.15 20.5934 0 54.4297 0.1  0 0 2
268 489.64 19.4897 0 54.4297 0.1  0 0 6
193 509.114 19.4744 0 54.4297 0.116667  0 0 1
81 528.581 19.4671 0 54.4297 0.116667  0 0 1
536 547.838 19.2567 0 54.4297 0.116667  0 0 2
3684 567.054 19.2163 0 54.4297 0.116667  0 0 1
222 586.02 18.9659 0 54.4297 0.133333  0 0 3
