321 878.673 878.673 0 67.1094 59.3167 59.3167 0 0 114222
112586 1622.03 743.36 0 67.4844 60.3833 60.3833 0 0 1
353 2176.98 554.951 0 67.4492 61.85 61.85 0 0 1
68214 2720.03 543.052 0 67.707 64.1167 64.1167 0 0 1
12168 3238.04 518.008 0 67.8125 66.4667 66.4667 0 0 1
852 3710.44 472.399 0 67.8477 72.7333 72.7333 0 0 2
72164 4156.69 446.252 0 67.8438 75.95 75.95 0 0 1
5355 4584.29 427.592 0 67.8477 79.8667 79.8667 0 0 1
167 4999.34 415.058 0 67.9297 83.9333 83.9333 0 0 1
21255 5354.36 355.014 0 67.9453 88 88 0 0 1
