44 12.3518 12.3518 0 16.6562 0.183333 0.183333 0 0 55
34 23.1307 10.7789 0 16.6562 0.266667 0.266667 0 0 6
54 29.7823 6.6516 0 16.6562 0.616667 0.616667 0 0 25
26 35.5702 5.7879 0 16.6562 0.733333 0.733333 0 0 7
43 39.2304 3.6602 0 16.6562 1.26667 1.26667 0 0 31
33 42.5596 3.3292 0 16.6562 1.35 1.35 0 0 5
55 45.6516 3.092 0 16.6562 1.41667 1.41667 0 0 3
24 46.75 1.0984 0 16.6562 2.18333 2.18333 0 0 42
32 47.7995 1.0495 0 16.6562 2.23333 2.23333 0 0 3
20 48.5173 0.7178 0 16.6562 2.31667 2.31667 0 0 4
21 49.6011 1.0838 0 16.6562 2.31667 2.31667 0 0 0
48 50.4208 0.819699 0 16.6562 2.38333 2.38333 0 0 4
39 50.9406 0.519801 0 16.6562 2.4 2.4 0 0 1
40 51.6116 0.670999 0 16.6562 2.43333 2.43333 0 0 2
45 52.2725 0.660901 0 16.6562 2.46667 2.46667 0 0 1
50 52.572 0.299501 0 16.6562 2.61667 2.61667 0 0 9
36 52.8367 0.2647 0 16.6562 2.61667 2.61667 0 0 0
22 53.1619 0.3252 0 16.6562 2.66667 2.66667 0 0 2
42 53.3745 0.2126 0 16.6562 2.7 2.7 0 0 2
19 53.5788 0.2043 0 16.6562 2.78333 2.78333 0 0 5
29 53.7702 0.1914 0 16.6562 2.78333 2.78333 0 0 0
46 53.8446 0.0744012 0 16.6562 2.95 2.95 0 0 9
27 53.9386 0.0939993 0 16.6562 2.96667 2.96667 0 0 1
51 54.0085 0.0699014 0 16.6562 2.98333 2.98333 0 0 1
28 54.025 0.0165009 0 16.6562 3 3 0 0 1
3 54.0847 0.0596985 0 16.6562 3.01667 3.01667 0 0 1
52 54.1606 0.0758985 0 16.6562 3.03333 3.03333 0 0 1
8 54.2365 0.0759012 0 16.6562 3.05 3.05 0 0 1
31 54.3 0.0635002 0 16.6562 3.06667 3.06667 0 0 1
41 54.3328 0.0328008 0 16.6562 3.08333 3.08333 0 0 1
