39 4.54151 4.54151 0 28.2891 0  
44 8.8617 4.32018 0 28.2891 0  
34 13.1247 4.26304 0 28.2891 0  
43 17.3441 4.21932 0 28.2891 0  
40 21.4625 4.11848 0 28.2891 0  
54 25.6638 4.20127 0 28.2891 0  
55 29.7883 4.12451 0 28.2891 0  
48 33.9272 4.13885 0 28.2891 0  
42 38.0369 4.10977 0 28.2891 0  
45 42.093 4.05602 0 28.2891 0  
19 46.1149 4.02197 0 28.2891 0  
46 49.8186 3.70369 0 28.2891 0  
22 53.4816 3.66299 0 28.2891 0  
50 57.0727 3.59106 0 28.2891 0  
41 60.6517 3.57907 0 28.2891 0  
52 64.2225 3.57082 0 28.2891 0  
51 67.8103 3.58778 0 28.2891 0  
49 71.391 3.58069 0 28.2891 0  
53 74.8965 3.5055 0 28.2891 0  
20 78.3918 3.49527 0 28.2891 0  
33 81.8754 3.48363 0 28.2891 0  
21 85.3863 3.51088 0 28.2891 0  
26 88.9178 3.53147 0 28.2891 0  
28 92.4251 3.50735 0 28.2891 0  
38 95.9246 3.49947 0 28.2891 0  
32 99.3954 3.47077 0 28.2891 0  
24 102.843 3.44713 0 28.2891 0  
36 106.208 3.36598 0 28.2891 0  
35 109.535 3.32602 0 28.2891 0  
30 112.853 3.31842 0 28.2891 0  
