321 879.232 879.232 0 66.6406 45.0667 45.0667 0 0 114222
112586 1622.78 743.545 0 67.0117 45.7333 45.7333 0 0 1
353 2176.65 553.876 0 67.1016 46.6833 46.6833 0 0 1
68214 2720.12 543.472 0 67.2305 48.0667 48.0667 0 0 1
12168 3231.8 511.671 0 67.2188 49.7 49.7 0 0 1
852 3711.1 479.302 0 67.3477 53.7 53.7 0 0 2
72164 4157.57 446.473 0 67.3477 55.7667 55.7667 0 0 1
5355 4580.8 423.226 0 67.4766 60.7 60.7 0 0 2
167 5001.28 420.484 0 67.2188 60.7 60.7 0 0 0
21255 5349.87 348.586 0 67.4766 63.5 63.5 0 0 1
12041 5643.59 293.722 0 67.5078 66.3667 66.3667 0 0 1
29936 5919.01 275.423 0 67.5312 69.3333 69.3333 0 0 1
12511 6156.91 237.894 0 67.5312 72.5 72.5 0 0 1
1166 6373.04 216.137 0 67.6602 79.25 79.25 0 0 2
48758 6587.08 214.04 0 67.6602 82.5833 82.5833 0 0 1
112892 6796.97 209.885 0 67.5312 86.0833 86.0833 0 0 1
328 6997.39 200.427 0 67.6602 93.3667 93.3667 0 0 2
735 7192.22 194.826 0 67.6602 100.983 100.983 0 0 2
24419 7382.23 190.012 0 67.7578 104.883 104.883 0 0 1
96564 7562.86 180.625 0 67.6914 117.15 117.15 0 0 3
24515 7742.44 179.585 0 67.6914 117.15 117.15 0 0 0
29873 7912.01 169.572 0 67.6914 134.417 134.417 0 0 4
11250 8077.89 165.871 0 67.6914 138.75 138.75 0 0 1
32032 8241.42 163.539 0 67.6914 138.75 138.75 0 0 0
57101 8409.09 167.666 0 67.8203 143.3 143.3 0 0 1
