1 640 57.8253
2 125 104.111
3 132 165.142
4 475 197.942
5 327 218.727
6 275 257.582
7 563 289.964
8 237 322.908
9 639 333.967
10 607 367.217
11 101 412.899
12 67 445.615
13 413 477.757
14 288 520.674
15 201 531.594
16 38 555.491
17 240 584.43
18 77 611.318
19 4825 639.336
20 16 669.273
21 81 700.845
22 1450 717.138
23 609 745.132
24 1636 759.198
25 1160 783.491
26 508 801.513
27 1163 833.325
28 867 851.662
29 513 873.56
30 536 897.601
31 564 917.412
32 42 938.488
33 100 955.447
34 211 973.359
35 222 998.469
36 193 1022.51
37 146 1043.48
38 5630 1066.1
39 268 1096.53
40 706 1108.62
