44 12.2445 12.2445 0 16.6562 0.183333 0.183333 0 0 55
34 23.2574 11.0129 0 16.6562 0.25 0.25 0 0 5
54 30.0216 6.7642 0 16.6562 0.616667 0.616667 0 0 25
33 35.7538 5.7322 0 16.6562 0.733333 0.733333 0 0 8
43 39.2854 3.5316 0 16.6562 1.26667 1.26667 0 0 31
25 42.6272 3.3418 0 16.6562 1.3 1.3 0 0 2
26 43.9958 1.3686 0 16.6562 1.98333 1.98333 0 0 38
20 45.5169 1.5211 0 16.6562 2.01667 2.01667 0 0 2
48 47.3542 1.8373 0 16.6562 2.15 2.15 0 0 7
40 48.7901 1.4359 0 16.6562 2.16667 2.16667 0 0 1
24 49.7825 0.9924 0 16.6562 2.21667 2.21667 0 0 3
55 50.6045 0.821999 0 16.6562 2.31667 2.31667 0 0 5
32 51.2992 0.6947 0 16.6562 2.4 2.4 0 0 4
45 51.9481 0.648902 0 16.6562 2.43333 2.43333 0 0 2
38 52.4312 0.483099 0 16.6562 2.58333 2.58333 0 0 8
46 52.764 0.332802 0 16.6562 2.8 2.8 0 0 12
36 53.0855 0.3215 0 16.6562 2.83333 2.83333 0 0 2
22 53.365 0.279501 0 16.6562 2.93333 2.93333 0 0 5
42 53.565 0.199998 0 16.6562 3.15 3.15 0 0 12
39 53.7978 0.2328 0 16.6562 3.15 3.15 0 0 0
21 54.0145 0.2167 0 16.6562 3.15 3.15 0 0 0
50 54.0779 0.0634003 0 16.6562 3.48333 3.48333 0 0 19
51 54.1636 0.0857 0 16.6562 3.48333 3.48333 0 0 0
41 54.2297 0.0660991 0 16.6562 3.5 3.5 0 0 1
3 54.2919 0.0622018 0 16.6562 3.55 3.55 0 0 3
49 54.4116 0.119699 0 16.6562 3.56667 3.56667 0 0 1
53 54.4293 0.0177018 0 16.6562 3.58333 3.58333 0 0 1
35 54.5081 0.0788016 0 16.6562 3.61667 3.61667 0 0 2
1 54.5178 0.0097014 0 16.6562 3.63333 3.63333 0 0 1
47 54.5439 0.0261006 0 16.6562 3.65 3.65 0 0 1
19 54.6342 0.0903005 0 16.6562 3.66667 3.66667 0 0 1
30 54.6681 0.0338989 0 16.6562 3.68333 3.68333 0 0 1
29 54.688 0.0199015 0 16.6562 3.7 3.7 0 0 1
52 54.6964 0.00840027 0 16.6562 3.71667 3.71667 0 0 1
15 54.7145 0.0181003 0 16.6562 3.73333 3.73333 0 0 1
28 54.7248 0.0102996 0 16.6562 3.75 3.75 0 0 1
31 54.742 0.0171999 0 16.6562 3.76667 3.76667 0 0 1
14 54.7704 0.0283994 0 16.6562 3.78333 3.78333 0 0 1
16 54.7956 0.025199 0 16.6562 3.8 3.8 0 0 1
7 54.8239 0.0282991 0 16.6562 3.81667 3.81667 0 0 1
