1 640 57.5495
2 132 120.719
3 125 165.669
4 67 202.428
5 413 238.123
6 275 276.78
7 607 313.717
8 4825 342.543
9 288 392.078
10 237 420.832
11 563 449.318
12 101 496.165
13 38 517.043
14 609 555.338
15 42 583.788
16 1160 606.937
17 77 632.064
18 560 662.531
19 240 691.549
20 268 725.576
21 193 749.986
22 81 784.002
23 536 808.973
24 3684 839.999
25 222 865.787
26 990 886.115
27 508 907.354
28 475 931.681
29 61 955.407
30 16 982.612
31 1828 1005.91
32 683 1024.08
33 1157 1046.98
34 513 1066.16
35 1450 1089.43
36 146 1108.44
37 24 1129.26
38 231 1152.39
39 5630 1171.99
40 360 1198.14
41 112 1219.29
42 308 1239.15
43 1693 1258.33
44 248 1280.17
45 2463 1300.14
46 742 1320.93
47 9 1342.64
48 516 1363.04
49 157 1381.67
50 1430 1399.77
