321 837.424 837.424 0 487.652 1.98333  
112586 1490.78 653.351 0 487.652 2.11667  
353 2003.95 513.17 0 487.652 2.18333  
68214 2489.4 485.455 0 487.652 2.28333  
12168 2982.83 493.432 0 487.652 2.31667  
852 3433.35 450.517 0 487.652 2.33333  
72164 3871.2 437.853 0 487.652 2.36667  
5355 4256.16 384.957 0 487.652 2.4  
167 4627.2 371.04 0 487.652 2.45  
21255 4972.05 344.853 0 487.652 2.46667  
12041 5267.04 294.984 0 487.652 2.46667  
29936 5545.05 278.011 0 487.652 2.48333  
1166 5764.48 219.428 0 487.652 2.48333  
12511 5978.1 213.623 0 487.652 2.51667  
328 6183.9 205.799 0 487.652 2.53333  
48758 6384.13 200.231 0 487.652 2.53333  
57101 6566.98 182.855 0 487.652 2.55  
24515 6744.94 177.957 0 487.652 2.55  
735 6919.72 174.775 0 487.652 2.56667  
24419 7090.98 171.262 0 487.652 2.6  
