34 12.2173 12.2173 0 16.6562 0.183333 0.183333 0 0 55
54 23.163 10.9457 0 16.6562 0.25 0.25 0 0 5
44 29.8826 6.7196 0 16.6562 0.633333 0.633333 0 0 26
26 35.7615 5.8789 0 16.6562 0.716667 0.716667 0 0 5
43 39.4534 3.6919 0 16.6562 1.26667 1.26667 0 0 32
33 42.8971 3.4437 0 16.6562 1.43333 1.43333 0 0 10
40 44.8635 1.9664 0 16.6562 1.91667 1.91667 0 0 26
32 46.7701 1.9066 0 16.6562 2.08333 2.08333 0 0 9
42 48.5385 1.7684 0 16.6562 2.16667 2.16667 0 0 4
24 49.048 0.509502 0 16.6562 2.85 2.85 0 0 36
20 49.7297 0.6817 0 16.6562 2.9 2.9 0 0 3
35 50.1874 0.457702 0 16.6562 2.95 2.95 0 0 2
39 50.6199 0.432499 0 16.6562 2.96667 2.96667 0 0 1
45 51.5689 0.949 0 16.6562 3 3 0 0 2
30 51.8643 0.295399 0 16.6562 3.03333 3.03333 0 0 2
22 52.077 0.2127 0 16.6562 3.11667 3.11667 0 0 4
3 52.304 0.227 0 16.6562 3.13333 3.13333 0 0 1
48 52.8016 0.497599 0 16.6562 3.16667 3.16667 0 0 2
55 53.2773 0.475699 0 16.6562 3.18333 3.18333 0 0 1
10 53.4107 0.133398 0 16.6562 3.28333 3.28333 0 0 6
