321 878.673 878.673 0 67.1094 59.9667 59.9667 0 0 114222
112586 1622.03 743.36 0 67.4844 61.05 61.05 0 0 1
353 2176.98 554.951 0 67.4492 62.2167 62.2167 0 0 1
68214 2720.03 543.052 0 67.707 64.2833 64.2833 0 0 1
12168 3238.04 518.008 0 67.8125 66.85 66.85 0 0 1
852 3710.44 472.399 0 67.8477 72.9833 72.9833 0 0 2
72164 4156.69 446.252 0 67.8438 76.3167 76.3167 0 0 1
5355 4584.29 427.592 0 67.8477 80.1333 80.1333 0 0 1
167 4999.34 415.058 0 67.9297 84.45 84.45 0 0 1
21255 5354.36 355.014 0 67.9453 87.7667 87.7667 0 0 1
12041 5642.07 287.709 0 67.9453 91.2 91.2 0 0 1
