1 34 12.1781
2 44 23.368
3 54 29.9244
4 33 35.4041
5 40 39.1296
6 26 42.3131
7 39 44.3386
8 48 46.056
9 32 47.7991
10 55 49.0865
11 24 49.9804
12 45 50.747
13 22 51.3652
14 42 51.7805
15 19 52.1838
16 46 52.5631
17 20 52.8645
18 51 53.1325
19 8 53.315
20 36 53.5644
21 49 53.6637
22 38 54.0103
23 52 54.1476
24 31 54.2381
25 47 54.3257
26 21 54.4012
27 16 54.5033
28 41 54.5689
29 35 54.607
30 23 54.7162
31 3 54.7778
32 53 54.8113
33 14 54.8335
34 30 54.8772
35 13 54.8853
36 2 54.9081
37 29 54.9193
38 10 54.9391
39 12 54.9453
40 15 54.9555
41 25 54.9676
42 28 54.9635
43 9 54.9744
44 17 54.9754
45 5 54.9754
46 6 54.9856
47 18 54.9865
48 1 54.9922
49 27 54.9882
50 11 54.9903
