321 837.424 837.424 0 487.652 1.48333  
112586 1490.78 653.351 0 487.652 1.66667  
353 2003.95 513.17 0 487.652 1.73333  
68214 2489.4 485.455 0 487.652 1.86667  
12168 2982.83 493.432 0 487.652 1.9  
852 3433.35 450.517 0 487.652 1.95  
72164 3871.2 437.853 0 487.652 2  
5355 4256.16 384.957 0 487.652 2.06667  
167 4627.2 371.04 0 487.652 2.13333  
21255 4972.05 344.853 0 487.652 2.15  
12041 5267.04 294.984 0 487.652 2.15  
29936 5545.05 278.011 0 487.652 2.16667  
1166 5764.48 219.428 0 487.652 2.16667  
12511 5978.1 213.623 0 487.652 2.2  
328 6183.9 205.799 0 487.652 2.21667  
48758 6384.13 200.231 0 487.652 2.21667  
57101 6566.98 182.855 0 487.652 2.23333  
24515 6744.94 177.957 0 487.652 2.23333  
735 6919.72 174.775 0 487.652 2.25  
24419 7090.98 171.262 0 487.652 2.26667  
112892 7259.45 168.475 0 487.652 2.3  
29873 7419.52 160.067 0 487.652 2.3  
96564 7578.76 159.236 0 487.652 2.33333  
11250 7730.99 152.231 0 487.652 2.33333  
32032 7880.58 149.589 0 487.652 2.35  
2220 8019.74 139.168 0 487.652 2.35  
11802 8147.13 127.385 0 487.652 2.38333  
4071 8273.82 126.688 0 487.652 2.38333  
23624 8397.72 123.902 0 487.652 2.4  
43658 8518.31 120.596 0 487.652 2.4  
