132 63.6976 63.6976 0 24.0352 9.08333 9.08333 0 0 15229
640 121.496 57.7981 0 24.0352 9.16667 9.16667 0 0 2
101 171.205 49.7091 0 24.0352 9.4 9.4 0 0 3
288 219.326 48.1208 0 24.0352 9.4 9.4 0 0 0
125 263.153 43.827 0 24.0352 9.73333 9.73333 0 0 2
268 302.489 39.3364 0 24.0352 11.3 11.3 0 0 8
275 338.847 36.3581 0 24.0352 11.9 11.9 0 0 4
609 374.35 35.5031 0 24.0352 13.35 13.35 0 0 6
1293 409.135 34.7846 0 24.0352 14.2333 14.2333 0 0 4
67 444.275 35.1403 0 24.0352 14.6833 14.6833 0 0 2
413 479.666 35.3913 0 24.0352 15.2333 15.2333 0 0 2
607 510.738 31.0713 0 24.1602 22.8 22.8 0 0 24
1163 543.714 32.9767 0 24.1602 22.8 22.8 0 0 0
81 575.301 31.5865 0 24.1406 25.3 25.3 0 0 9
536 603.071 27.77 0 24.1406 30.3167 30.3167 0 0 18
237 630.488 27.4167 0 24.1406 31.7333 31.7333 0 0 5
4825 659.719 29.2314 0 24.1406 32.0667 32.0667 0 0 1
16 687.894 28.1748 0 24.1406 32.4333 32.4333 0 0 1
3684 717.201 29.3075 0 24.1406 33.1667 33.1667 0 0 2
222 743.644 26.443 0 24.1406 35.5167 35.5167 0 0 5
9 769.947 26.3027 0 24.1406 39.4667 39.4667 0 0 12
563 796.942 26.9951 0 24.1406 43.7333 43.7333 0 0 13
1160 823.789 26.8472 0 24.1406 47.55 47.55 0 0 11
61 848.062 24.2726 0 24.1406 54.5167 54.5167 0 0 17
248 871.317 23.2551 0 24.1406 61.3167 61.3167 0 0 18
193 896.049 24.7321 0 24.1406 61.7 61.7 0 0 1
42 922.803 26.7542 0 24.1406 62.8833 62.8833 0 0 3
38 946.977 24.1738 0 24.1406 66.0667 66.0667 0 0 8
112 970.218 23.2406 0 24.1406 68.1667 68.1667 0 0 5
77 993.282 23.0643 0 24.1406 69.8833 69.8833 0 0 4
197 1016.25 22.9705 0 24.1406 71.2167 71.2167 0 0 3
360 1039.84 23.5862 0 24.1406 75.3 75.3 0 0 9
526 1062.28 22.4424 0 24.1406 76.2167 76.2167 0 0 2
231 1089.02 26.7375 0 24.1406 82.5833 82.5833 0 0 14
240 1107.39 18.3708 0 24.1406 126.133 126.133 0 0 94
1693 1128.02 20.6257 0 24.1406 128.017 128.017 0 0 4
516 1148.31 20.2958 0 24.1406 128.483 128.483 0 0 1
93 1166.54 18.2333 0 24.1406 131.933 131.933 0 0 7
1450 1185.77 19.2223 0 24.1406 134.917 134.917 0 0 6
1521 1203.35 17.5831 0 24.1406 150.05 150.05 0 0 31
513 1224.03 20.6791 0 24.1406 152 152 0 0 4
6272 1241.33 17.3032 0 24.1406 157.967 157.967 0 0 12
146 1260.22 18.8861 0 24.1406 158.467 158.467 0 0 1
1430 1280.76 20.5422 0 24.1406 160.517 160.517 0 0 4
1828 1297.82 17.0628 0 24.1406 165.7 165.7 0 0 10
742 1317.79 19.9693 0 24.1406 168.833 168.833 0 0 6
24 1338.58 20.786 0 24.1406 168.833 168.833 0 0 0
383 1360.76 22.1788 0 24.1406 169.367 169.367 0 0 1
1435 1378.05 17.294 0 24.1406 175.4 175.4 0 0 11
737 1394.75 16.7032 0 24.1406 182.133 182.133 0 0 12
