34 12.6521 12.6521 0 16.6562 0.183333 0.183333 0 0 55
54 23.3102 10.6581 0 16.6562 0.283333 0.283333 0 0 8
44 29.6338 6.3236 0 16.6562 0.65 0.65 0 0 25
33 35.5883 5.9545 0 16.6562 0.733333 0.733333 0 0 5
43 39.2364 3.6481 0 16.6562 1.26667 1.26667 0 0 32
26 42.5669 3.3305 0 16.6562 1.4 1.4 0 0 7
45 45.6693 3.1024 0 16.6562 1.43333 1.43333 0 0 2
24 46.5217 0.8524 0 16.6562 2.26667 2.26667 0 0 45
32 47.8044 1.2827 0 16.6562 2.28333 2.28333 0 0 1
20 48.5951 0.790699 0 16.6562 2.3 2.3 0 0 1
39 49.1681 0.573 0 16.6562 2.41667 2.41667 0 0 6
2 49.7569 0.588802 0 16.6562 2.43333 2.43333 0 0 1
48 50.7529 0.995999 0 16.6562 2.45 2.45 0 0 1
40 51.5839 0.831001 0 16.6562 2.51667 2.51667 0 0 3
55 52.1136 0.5297 0 16.6562 2.55 2.55 0 0 2
30 52.4663 0.352698 0 16.6562 2.58333 2.58333 0 0 2
19 52.7699 0.303599 0 16.6562 2.7 2.7 0 0 6
42 53.0699 0.299999 0 16.6562 2.73333 2.73333 0 0 2
22 53.3334 0.263499 0 16.6562 2.85 2.85 0 0 6
35 53.4936 0.160199 0 16.6562 2.91667 2.91667 0 0 4
49 53.6351 0.141501 0 16.6562 2.96667 2.96667 0 0 3
25 53.7349 0.0997987 0 16.6562 3.01667 3.01667 0 0 2
50 53.8818 0.146899 0 16.6562 3.06667 3.06667 0 0 3
52 54.0071 0.125298 0 16.6562 3.08333 3.08333 0 0 1
46 54.0979 0.0908009 0 16.6562 3.13333 3.13333 0 0 3
36 54.1862 0.0882996 0 16.6562 3.16667 3.16667 0 0 2
21 54.2373 0.0511008 0 16.6562 3.23333 3.23333 0 0 4
31 54.2839 0.0465991 0 16.6562 3.26667 3.26667 0 0 2
23 54.5921 0.308199 0 16.6562 3.28333 3.28333 0 0 1
51 54.6195 0.0274018 0 16.6562 3.3 3.3 0 0 1
3 54.6544 0.0349008 0 16.6562 3.31667 3.31667 0 0 1
27 54.6868 0.0324001 0 16.6562 3.33333 3.33333 0 0 1
38 54.781 0.0942019 0 16.6562 3.35 3.35 0 0 1
29 54.7957 0.0147018 0 16.6562 3.36667 3.36667 0 0 1
28 54.8067 0.0109999 0 16.6562 3.38333 3.38333 0 0 1
53 54.8334 0.0266983 0 16.6562 3.4 3.4 0 0 1
41 54.8543 0.0208993 0 16.6562 3.41667 3.41667 0 0 1
8 54.8721 0.0177985 0 16.6562 3.43333 3.43333 0 0 1
4 54.8699 -0.00220083 0 16.6562 3.45 3.45 0 0 1
16 54.9155 0.0456003 0 16.6562 3.46667 3.46667 0 0 1
15 54.926 0.0104994 0 16.6562 3.48333 3.48333 0 0 1
47 54.931 0.00500131 0 16.6562 3.5 3.5 0 0 1
37 54.9411 0.0101002 0 16.6562 3.51667 3.51667 0 0 1
10 54.9574 0.0162989 0 16.6562 3.53333 3.53333 0 0 1
7 54.9754 0.0179987 0 16.6562 3.53333 3.53333 0 0 1
