321 877.802 877.802 0 66.6406 45.4 45.4 0 0 114222
112586 1621.28 743.478 0 67.0117 46.0667 46.0667 0 0 1
353 2177.12 555.838 0 67.1406 47.0333 47.0333 0 0 1
68214 2721.1 543.98 0 67.2383 48.4333 48.4333 0 0 1
12168 3234.04 512.946 0 67.3359 50.1 50.1 0 0 1
852 3709.88 475.84 0 67.3672 54.9333 54.9333 0 0 2
72164 4158.39 448.507 0 67.3672 57.4667 57.4667 0 0 1
5355 4582.5 424.114 0 67.4922 62.9167 62.9167 0 0 2
167 4997.92 415.416 0 67.4922 62.9167 62.9167 0 0 0
21255 5358.25 360.33 0 67.5664 66.4667 66.4667 0 0 1
