1 34 12.2164
2 44 23.2109
3 54 29.8691
4 33 35.555
5 40 38.7581
6 26 42.3842
7 39 44.198
8 48 46.1832
9 32 47.5987
10 55 49.0435
11 24 49.9573
12 45 50.7574
13 22 51.2588
14 42 51.8466
15 19 52.1889
16 46 52.5983
17 20 52.8617
18 51 53.1147
19 8 53.3094
20 36 53.4655
21 49 53.7352
22 38 54.0039
23 52 54.1529
24 31 54.2559
25 47 54.3348
26 21 54.4079
27 16 54.4879
28 41 54.5611
29 35 54.6057
30 23 54.7116
31 3 54.7615
32 53 54.8186
33 14 54.8498
34 30 54.873
35 13 54.8973
36 2 54.9072
37 29 54.9287
38 10 54.9361
39 12 54.9402
40 15 54.9497
