34 6.82092 6.82092 0 40.1641 0  0 0 55
44 13.3127 6.49178 0 40.1641 0  0 0 1
54 18.6146 5.30192 0 40.1641 0  0 0 12
33 23.2659 4.65133 0 40.1641 0  0 0 7
40 27.0635 3.79755 0 40.1641 0.0166667  0 0 21
26 30.764 3.70054 0 40.1641 0.0166667  0 0 4
39 33.8373 3.07324 0 40.1641 0.0166667  0 0 10
48 36.7143 2.87707 0 40.1641 0.0166667  0 0 7
32 39.0872 2.37284 0 40.1641 0.0333333  0 0 23
55 41.3732 2.28601 0 40.1641 0.0333333  0 0 2
24 43.1356 1.76245 0 40.1641 0.0333333  0 0 18
45 44.8211 1.68543 0 40.1641 0.0333333  0 0 4
22 46.209 1.38792 0 40.1641 0.05  0 0 21
42 47.3719 1.16292 0 40.1641 0.05  0 0 9
19 48.4903 1.11842 0 40.1641 0.05  0 0 7
46 49.4495 0.959206 0 40.1641 0.0666667  0 0 12
20 50.2752 0.825669 0 40.1641 0.0666667  0 0 10
51 50.8812 0.605957 0 40.1641 0.0666667  0 0 15
8 51.4579 0.576755 0 40.1641 0.0666667  0 0 5
36 51.9125 0.45457 0 40.1641 0.0833333  0 0 12
49 52.359 0.44647 0 40.1641 0.0833333  0 0 1
38 52.7717 0.412739 0 40.1641 0.0833333  0 0 11
52 53.1113 0.339623 0 40.1641 0.0833333  0 0 13
31 53.4123 0.301025 0 40.1641 0.0833333  0 0 7
47 53.6386 0.226224 0 40.1641 0.1  0 0 9
21 53.8352 0.196642 0 40.1641 0.1  0 0 9
16 54.0285 0.193241 0 40.1641 0.1  0 0 4
41 54.1912 0.162737 0 40.1641 0.1  0 0 9
35 54.3176 0.126414 0 40.1641 0.1  0 0 11
23 54.4343 0.11666 0 40.1641 0.1  0 0 2
3 54.5474 0.113095 0 40.1641 0.1  0 0 3
53 54.6342 0.0868696 0 40.1641 0.1  0 0 10
14 54.7026 0.0684039 0 40.1641 0.1  0 0 7
30 54.7667 0.0640617 0 40.1641 0.1  0 0 3
13 54.8114 0.0446762 0 40.1641 0.116667  0 0 8
2 54.8448 0.0334801 0 40.1641 0.116667  0 0 4
29 54.8747 0.0298181 0 40.1641 0.116667  0 0 3
10 54.8983 0.023591 0 40.1641 0.116667  0 0 6
12 54.9196 0.0213123 0 40.1641 0.116667  0 0 2
15 54.9344 0.0147945 0 40.1641 0.116667  0 0 8
