321 854.233 854.233 0 153.988 2.66667  0 0 114222
112586 1554.09 699.861 0 154.066 2.83333  0 0 1
353 2082.77 528.68 0 154.066 3  0 0 1
68214 2579.28 496.509 0 154.066 3.28333  0 0 1
12168 3060.35 481.067 0 154.066 3.61667  0 0 1
852 3519.13 458.779 0 154.066 3.95  0 0 1
72164 3940.48 421.348 0 154.066 4.31667  0 0 1
5355 4333.29 392.814 0 154.066 4.71667  0 0 1
167 4717.96 384.671 0 154.066 5.18333  0 0 1
21255 5067.53 349.571 0 154.066 5.61667  0 0 1
12041 5354.53 286.995 0 154.066 6.01667  0 0 1
29936 5621.08 266.557 0 154.066 6.41667  0 0 1
1166 5841.18 220.099 0 154.066 6.81667  0 0 1
12511 6054.73 213.544 0 154.066 7.21667  0 0 1
48758 6261.91 207.181 0 154.066 8.08333  0 0 2
328 6462.84 200.93 0 154.066 8.5  0 0 1
112892 6651.82 188.987 0 154.066 9.38333  0 0 2
735 6834.34 182.517 0 154.066 10.2667  0 0 2
24419 7005.45 171.105 0 154.066 11.65  0 0 3
96564 7176.2 170.753 0 154.066 12.1167  0 0 1
