321 854.233 854.233 0 153.988 2.65  0 0 114222
112586 1554.09 699.861 0 154.066 2.81667  0 0 1
353 2082.77 528.68 0 154.066 2.96667  0 0 1
68214 2579.28 496.509 0 154.066 3.25  0 0 1
12168 3060.35 481.067 0 154.066 3.56667  0 0 1
852 3519.13 458.779 0 154.066 3.9  0 0 1
72164 3940.48 421.348 0 154.066 4.26667  0 0 1
5355 4333.29 392.814 0 154.066 4.65  0 0 1
167 4717.96 384.671 0 154.066 5.15  0 0 1
21255 5067.53 349.571 0 154.066 5.56667  0 0 1
12041 5354.53 286.995 0 154.066 5.98333  0 0 1
29936 5621.08 266.557 0 154.066 6.38333  0 0 1
1166 5841.18 220.099 0 154.066 6.78333  0 0 1
12511 6054.73 213.544 0 154.066 7.2  0 0 1
48758 6261.91 207.181 0 154.066 8.05  0 0 2
