321 878.673 878.673 0 67.1094 59.2333 59.2333 0 0 114222
112586 1622.03 743.36 0 67.4844 60.2167 60.2167 0 0 1
353 2176.98 554.951 0 67.4492 61.7333 61.7333 0 0 1
68214 2720.03 543.052 0 67.707 63.9167 63.9167 0 0 1
12168 3238.04 518.008 0 67.8125 66.5167 66.5167 0 0 1
852 3710.44 472.399 0 67.8477 72.85 72.85 0 0 2
72164 4156.69 446.252 0 67.8438 75.3333 75.3333 0 0 1
5355 4584.29 427.592 0 67.8477 78.1333 78.1333 0 0 1
167 4999.34 415.058 0 67.9297 82.2 82.2 0 0 1
21255 5354.36 355.014 0 67.9453 86.7 86.7 0 0 1
12041 5642.07 287.709 0 67.9453 91.4 91.4 0 0 1
