34 12.3296 12.3296 0 16.6562 0.183333 0.183333 0 0 55
54 22.9274 10.5978 0 16.6562 0.283333 0.283333 0 0 8
44 29.8026 6.8752 0 16.6562 0.616667 0.616667 0 0 23
33 35.6887 5.8861 0 16.6562 0.75 0.75 0 0 8
43 39.2376 3.5489 0 16.6562 1.26667 1.26667 0 0 31
26 42.5227 3.2851 0 16.6562 1.38333 1.38333 0 0 6
42 45.5096 2.9869 0 16.6562 1.5 1.5 0 0 7
32 46.2871 0.777498 0 16.6562 2.38333 2.38333 0 0 47
24 47.3924 1.1053 0 16.6562 2.41667 2.41667 0 0 1
35 48.1578 0.765397 0 16.6562 2.43333 2.43333 0 0 1
20 48.7649 0.607101 0 16.6562 2.45 2.45 0 0 1
48 50.1864 1.4215 0 16.6562 2.5 2.5 0 0 3
55 51.1337 0.947299 0 16.6562 2.51667 2.51667 0 0 1
40 51.7752 0.641499 0 16.6562 2.53333 2.53333 0 0 1
39 52.1946 0.4194 0 16.6562 2.56667 2.56667 0 0 1
36 52.4866 0.292001 0 16.6562 2.61667 2.61667 0 0 3
51 52.8319 0.345301 0 16.6562 2.63333 2.63333 0 0 1
22 53.0927 0.260798 0 16.6562 2.68333 2.68333 0 0 3
52 53.3534 0.260699 0 16.6562 2.71667 2.71667 0 0 1
19 53.5478 0.194399 0 16.6562 2.78333 2.78333 0 0 4
45 53.7311 0.1833 0 16.6562 2.8 2.8 0 0 1
30 53.8194 0.0883018 0 16.6562 2.86667 2.86667 0 0 4
49 53.9587 0.139299 0 16.6562 2.93333 2.93333 0 0 3
31 54.0319 0.0732017 0 16.6562 2.96667 2.96667 0 0 2
50 54.1048 0.0729 0 16.6562 2.96667 2.96667 0 0 0
27 54.1443 0.0395026 0 16.6562 3.03333 3.03333 0 0 4
17 54.1754 0.0311014 0 16.6562 3.08333 3.08333 0 0 3
29 54.209 0.0336002 0 16.6562 3.1 3.1 0 0 1
41 54.2439 0.0349004 0 16.6562 3.11667 3.11667 0 0 1
21 54.2607 0.0168 0 16.6562 3.11667 3.11667 0 0 0
25 54.2424 -0.0183002 0 16.6562 3.13333 3.13333 0 0 1
53 54.304 0.0615989 0 16.6562 3.15 3.15 0 0 1
38 54.6303 0.326299 0 16.6562 3.16667 3.16667 0 0 1
8 54.6621 0.0318014 0 16.6562 3.18333 3.18333 0 0 1
23 54.7694 0.107298 0 16.6562 3.2 3.2 0 0 1
28 54.794 0.0245984 0 16.6562 3.21667 3.21667 0 0 1
46 54.8436 0.0496013 0 16.6562 3.23333 3.23333 0 0 1
4 54.8435 -0.000101227 0 16.6562 3.23333 3.23333 0 0 1
15 54.8564 0.0129018 0 16.6562 3.25 3.25 0 0 1
47 54.8777 0.0213005 0 16.6562 3.26667 3.26667 0 0 1
37 54.8814 0.00369919 0 16.6562 3.28333 3.28333 0 0 1
2 54.9027 0.0212989 0 16.6562 3.3 3.3 0 0 1
10 54.9158 0.0131015 0 16.6562 3.31667 3.31667 0 0 1
7 54.9472 0.0314018 0 16.6562 3.33333 3.33333 0 0 1
3 54.9582 0.0109992 0 16.6562 3.35 3.35 0 0 1
14 54.9745 0.0163015 0 16.6562 3.36667 3.36667 0 0 1
16 54.9846 0.0101013 0 16.6562 3.36667 3.36667 0 0 1
12 54.9927 0.00809993 0 16.6562 3.38333 3.38333 0 0 1
18 54.9923 -0.000398669 0 16.6562 3.4 3.4 0 0 1
11 54.994 0.00170187 0 16.6562 3.41667 3.41667 0 0 1
