321 837.424 837.424 0 487.652 1.71667  
112586 1490.78 653.351 0 487.652 1.86667  
353 2003.95 513.17 0 487.652 1.91667  
68214 2489.4 485.455 0 487.652 2.08333  
12168 2982.83 493.432 0 487.652 2.13333  
852 3433.35 450.517 0 487.652 2.16667  
72164 3871.2 437.853 0 487.652 2.21667  
5355 4256.16 384.957 0 487.652 2.25  
167 4627.2 371.04 0 487.652 2.3  
21255 4972.05 344.853 0 487.652 2.31667  
12041 5267.04 294.984 0 487.652 2.31667  
29936 5545.05 278.011 0 487.652 2.33333  
1166 5764.48 219.428 0 487.652 2.33333  
12511 5978.1 213.623 0 487.652 2.36667  
328 6183.9 205.799 0 487.652 2.36667  
48758 6384.13 200.231 0 487.652 2.38333  
57101 6566.98 182.855 0 487.652 2.38333  
24515 6744.94 177.957 0 487.652 2.4  
735 6919.72 174.775 0 487.652 2.41667  
24419 7090.98 171.262 0 487.652 2.43333  
112892 7259.45 168.475 0 487.652 2.46667  
29873 7419.52 160.067 0 487.652 2.48333  
96564 7578.76 159.236 0 487.652 2.5  
11250 7730.99 152.231 0 487.652 2.51667  
32032 7880.58 149.589 0 487.652 2.53333  
2220 8019.74 139.168 0 487.652 2.53333  
11802 8147.13 127.385 0 487.652 2.56667  
4071 8273.82 126.688 0 487.652 2.56667  
23624 8397.72 123.902 0 487.652 2.58333  
43658 8518.31 120.596 0 487.652 2.58333  
20 8634.12 115.801 0 487.652 2.6  
5560 8749.71 115.599 0 487.652 2.61667  
66501 8864.3 114.586 0 487.652 2.61667  
11912 8976.38 112.083 0 487.652 2.63333  
2358 9086.6 110.214 0 487.652 2.63333  
24550 9195.67 109.068 0 487.652 2.65  
114220 9304.32 108.651 0 487.652 2.65  
5517 9412.31 107.991 0 487.652 2.66667  
27296 9519.47 107.168 0 487.652 2.66667  
1608 9625.52 106.043 0 487.652 2.68333  
