132 63.6976 63.6976 0 24.0352 8.76667 8.76667 0 0 15229
640 121.496 57.7981 0 24.0352 8.86667 8.86667 0 0 2
101 171.205 49.7091 0 24.0352 9.16667 9.16667 0 0 3
288 219.326 48.1208 0 24.0352 9.16667 9.16667 0 0 0
125 263.153 43.827 0 24.0352 9.45 9.45 0 0 2
268 302.489 39.3364 0 24.0352 10.6167 10.6167 0 0 8
275 338.847 36.3581 0 24.0352 11.4167 11.4167 0 0 4
609 374.35 35.5031 0 24.0352 12.8667 12.8667 0 0 6
1293 409.135 34.7846 0 24.0352 13.9333 13.9333 0 0 4
67 444.275 35.1403 0 24.0352 14.5 14.5 0 0 2
413 479.666 35.3913 0 24.0352 15.1 15.1 0 0 2
607 510.738 31.0713 0 24.1602 21.15 21.15 0 0 24
1163 543.714 32.9767 0 24.1602 21.15 21.15 0 0 0
81 575.301 31.5865 0 24.1406 23.5333 23.5333 0 0 9
536 603.071 27.77 0 24.1406 28.4333 28.4333 0 0 18
237 630.488 27.4167 0 24.1406 29.8667 29.8667 0 0 5
4825 659.719 29.2314 0 24.1406 30.15 30.15 0 0 1
16 687.894 28.1748 0 24.1406 30.45 30.45 0 0 1
3684 717.201 29.3075 0 24.1406 31.1 31.1 0 0 2
222 743.644 26.443 0 24.1406 32.7667 32.7667 0 0 5
9 769.947 26.3027 0 24.1406 36.95 36.95 0 0 12
563 796.942 26.9951 0 24.1406 42.4833 42.4833 0 0 13
1160 823.789 26.8472 0 24.1406 46.7667 46.7667 0 0 11
61 848.062 24.2726 0 24.1406 53.2833 53.2833 0 0 17
248 871.317 23.2551 0 24.1406 60.1167 60.1167 0 0 18
193 896.049 24.7321 0 24.1406 60.5 60.5 0 0 1
42 922.803 26.7542 0 24.1406 61.6833 61.6833 0 0 3
38 946.977 24.1738 0 24.1406 64.9 64.9 0 0 8
112 970.218 23.2406 0 24.1406 66.9 66.9 0 0 5
77 993.282 23.0643 0 24.1406 68.5333 68.5333 0 0 4
197 1016.25 22.9705 0 24.1406 69.8667 69.8667 0 0 3
