321 837.424 837.424 0 487.652 1.4  
112586 1490.78 653.351 0 487.652 1.55  
353 2003.95 513.17 0 487.652 1.61667  
68214 2489.4 485.455 0 487.652 1.73333  
12168 2982.83 493.432 0 487.652 1.78333  
852 3433.35 450.517 0 487.652 1.8  
72164 3871.2 437.853 0 487.652 1.86667  
5355 4256.16 384.957 0 487.652 1.91667  
167 4627.2 371.04 0 487.652 1.98333  
21255 4972.05 344.853 0 487.652 2  
12041 5267.04 294.984 0 487.652 2.01667  
29936 5545.05 278.011 0 487.652 2.01667  
1166 5764.48 219.428 0 487.652 2.03333  
12511 5978.1 213.623 0 487.652 2.08333  
328 6183.9 205.799 0 487.652 2.08333  
48758 6384.13 200.231 0 487.652 2.1  
57101 6566.98 182.855 0 487.652 2.11667  
24515 6744.94 177.957 0 487.652 2.11667  
735 6919.72 174.775 0 487.652 2.13333  
24419 7090.98 171.262 0 487.652 2.15  
112892 7259.45 168.475 0 487.652 2.16667  
29873 7419.52 160.067 0 487.652 2.18333  
96564 7578.76 159.236 0 487.652 2.2  
11250 7730.99 152.231 0 487.652 2.2  
32032 7880.58 149.589 0 487.652 2.21667  
