1 39 10.3098
2 44 20.1393
3 34 28.2599
4 43 34.2346
5 40 37.1956
6 54 39.6949
7 55 40.988
8 48 41.9124
9 42 42.413
10 45 42.8477
11 19 45.1393
12 46 45.5313
13 22 47.4299
14 50 47.6192
15 41 47.7594
16 52 47.8269
17 51 47.7707
18 49 47.772
19 53 47.9609
20 20 50.0861
21 33 51.6171
22 21 52.3803
23 26 53.1819
24 28 53.3907
25 38 53.6866
26 32 54.0482
27 24 54.3119
28 36 54.4679
29 35 54.5493
30 30 54.583
31 31 54.6359
32 8 54.6774
33 29 54.6885
34 16 54.733
35 14 54.7774
36 25 54.7663
37 47 54.8108
38 23 54.909
39 4 54.9142
40 7 54.9512
41 27 54.9532
42 15 54.9543
43 3 54.9682
44 10 54.9813
45 2 54.985
