321 879.578 879.578 0 66.6445 45.2833 45.2833 0 0 114222
112586 1621.8 742.224 0 67.0039 45.9333 45.9333 0 0 1
353 2176.58 554.783 0 67.1328 46.9167 46.9167 0 0 1
68214 2723.01 546.426 0 67.2891 48.2833 48.2833 0 0 1
12168 3239.04 516.03 0 67.2891 49.95 49.95 0 0 1
852 3709.78 470.74 0 67.3711 53.9667 53.9667 0 0 2
72164 4157 447.222 0 67.375 56.05 56.05 0 0 1
5355 4582.52 425.518 0 67.4883 61.0333 61.0333 0 0 2
167 4999.97 417.448 0 67.4883 61.0333 61.0333 0 0 0
21255 5349.66 349.688 0 67.5469 63.8333 63.8333 0 0 1
12041 5643.12 293.46 0 67.5547 66.7 66.7 0 0 1
29936 5914.27 271.158 0 67.5547 69.6833 69.6833 0 0 1
12511 6156.57 242.296 0 67.5547 72.85 72.85 0 0 1
48758 6372.82 216.247 0 67.5547 82.95 82.95 0 0 3
1166 6584.89 212.068 0 67.6797 86.2667 86.2667 0 0 1
112892 6793.41 208.522 0 67.6836 93.2167 93.2167 0 0 2
328 6996.9 203.493 0 67.6836 100.617 100.617 0 0 2
735 7191.32 194.42 0 67.6836 108.25 108.25 0 0 2
24419 7381.93 190.611 0 67.6836 112.133 112.133 0 0 1
96564 7562.82 180.892 0 67.8125 124.4 124.4 0 0 3
24515 7740.7 177.874 0 67.6836 128.517 128.517 0 0 1
11250 7911.09 170.388 0 67.7891 145.8 145.8 0 0 4
29873 8077.19 166.102 0 67.7891 150.25 150.25 0 0 1
32032 8245.4 168.217 0 67.7891 150.25 150.25 0 0 0
57101 8406.79 161.382 0 67.9141 159.517 159.517 0 0 2
11802 8564.6 157.812 0 67.8711 159.517 159.517 0 0 0
2220 8711.89 147.288 0 67.918 164.35 164.35 0 0 1
20 8859.34 147.457 0 67.918 169.367 169.367 0 0 1
23624 8987.08 127.742 0 67.918 200.4 200.4 0 0 6
1608 9111.06 123.971 0 67.918 216.15 216.15 0 0 3
66501 9236.18 125.127 0 67.918 221.467 221.467 0 0 1
4071 9362 125.822 0 67.918 226.917 226.917 0 0 1
24550 9484.17 122.169 0 67.918 238.133 238.133 0 0 2
2358 9603.4 119.225 0 67.918 243.783 243.783 0 0 1
5517 9723.39 119.99 0 67.918 261.183 261.183 0 0 3
50490 9836.8 113.411 0 67.918 290.533 290.533 0 0 5
5730 9952.65 115.848 0 68.0469 296.517 296.517 0 0 1
2301 10067.3 114.661 0 67.918 327.1 327.1 0 0 5
11912 10182.4 115.137 0 67.6602 339.433 339.433 0 0 2
131522 10289 106.569 0 68.0469 364.183 364.183 0 0 4
5560 10403.4 114.38 0 67.918 370.433 370.433 0 0 1
27296 10512.9 109.551 0 68.1094 376.767 376.767 0 0 1
40440 10620.2 107.299 0 68.0195 383.183 383.183 0 0 1
12320 10724.1 103.896 0 68.0195 428.817 428.817 0 0 7
57053 10827.5 103.409 0 68.0195 435.4 435.4 0 0 1
