44 12.3207 12.3207 0 16.6562 0.183333 0.183333 0 0 55
34 23.0626 10.7419 0 16.6562 0.283333 0.283333 0 0 8
54 29.7024 6.6398 0 16.6562 0.616667 0.616667 0 0 23
33 35.4495 5.7471 0 16.6562 0.716667 0.716667 0 0 7
42 40.3944 4.9449 0 16.6562 0.866667 0.866667 0 0 8
26 41.9598 1.5654 0 16.6562 1.7 1.7 0 0 48
32 43.828 1.8682 0 16.6562 1.73333 1.73333 0 0 2
24 45.0399 1.2119 0 16.6562 1.75 1.75 0 0 1
20 45.9395 0.899598 0 16.6562 1.78333 1.78333 0 0 2
43 48.2604 2.3209 0 16.6562 1.81667 1.81667 0 0 1
39 48.9363 0.675901 0 16.6562 1.83333 1.83333 0 0 1
55 50.239 1.3027 0 16.6562 1.9 1.9 0 0 4
40 51.1195 0.880502 0 16.6562 1.93333 1.93333 0 0 2
45 51.821 0.701501 0 16.6562 1.95 1.95 0 0 1
48 52.321 0.500001 0 16.6562 1.98333 1.98333 0 0 1
