132 63.6976 63.6976 0 24.0352 8.41667 8.41667 0 0 15229
640 121.496 57.7981 0 24.0352 8.53333 8.53333 0 0 2
101 171.205 49.7091 0 24.0352 8.83333 8.83333 0 0 3
288 219.326 48.1208 0 24.0352 8.83333 8.83333 0 0 0
125 263.153 43.827 0 24.0352 9.05 9.05 0 0 2
268 302.489 39.3364 0 24.0352 10.1667 10.1667 0 0 8
275 338.847 36.3581 0 24.0352 10.9167 10.9167 0 0 4
609 374.35 35.5031 0 24.0352 12.35 12.35 0 0 6
1293 409.135 34.7846 0 24.0352 13.4167 13.4167 0 0 4
67 444.275 35.1403 0 24.0352 13.9833 13.9833 0 0 2
413 479.666 35.3913 0 24.0352 14.5667 14.5667 0 0 2
607 510.738 31.0713 0 24.1602 22.1333 22.1333 0 0 24
1163 543.714 32.9767 0 24.1602 22.1333 22.1333 0 0 0
81 575.301 31.5865 0 24.1406 24.4667 24.4667 0 0 9
536 603.071 27.77 0 24.1406 31.1833 31.1833 0 0 18
237 630.488 27.4167 0 24.1406 32.8167 32.8167 0 0 5
4825 659.719 29.2314 0 24.1406 33.1 33.1 0 0 1
16 687.894 28.1748 0 24.1406 33.4167 33.4167 0 0 1
3684 717.201 29.3075 0 24.1406 34.3 34.3 0 0 2
222 743.644 26.443 0 24.1406 36.2333 36.2333 0 0 5
9 769.947 26.3027 0 24.1406 40.15 40.15 0 0 12
563 796.942 26.9951 0 24.1406 44.8 44.8 0 0 13
1160 823.789 26.8472 0 24.1406 49.95 49.95 0 0 11
61 848.062 24.2726 0 24.1406 56.3 56.3 0 0 17
248 871.317 23.2551 0 24.1406 63.0333 63.0333 0 0 18
