1 640 58.5185
2 125 102.87
3 132 167.23
4 475 196.851
5 327 217.269
6 275 256.312
7 563 289.972
8 237 321.958
9 639 334.094
10 607 367.147
11 101 415.944
12 67 445.117
13 413 479.503
14 288 521.358
15 201 530.347
16 38 556.488
17 240 584.338
18 77 610.292
19 4825 640.478
20 16 669.074
21 81 699.209
22 1450 718.274
23 609 749.306
24 1636 756.51
25 1160 782.574
26 508 803.828
27 1163 833.577
28 867 849.638
29 513 873.109
30 536 898.616
31 564 916.119
32 42 940.22
33 100 957.964
34 211 975.708
35 222 997.188
36 193 1022.75
37 146 1042.05
38 5630 1064.3
39 268 1095.66
40 706 1108.36
41 157 1132.19
42 600 1149.44
43 28 1173.48
44 308 1191.43
45 61 1216.37
46 129 1230.93
47 1690 1242.07
48 364 1256.2
49 990 1275.01
50 106 1297.7
