132 63.6976 63.6976 0 24.0352 11.55 11.55 0 0 15229
640 121.496 57.7981 0 24.0352 11.65 11.65 0 0 2
101 171.205 49.7091 0 24.0352 11.95 11.95 0 0 3
288 219.326 48.1208 0 24.0352 11.95 11.95 0 0 0
125 263.153 43.827 0 24.0352 12.2167 12.2167 0 0 2
268 302.489 39.3364 0 24.0352 13.4833 13.4833 0 0 8
275 338.847 36.3581 0 24.0352 14.1333 14.1333 0 0 4
609 374.35 35.5031 0 24.0352 15.15 15.15 0 0 6
1293 409.135 34.7846 0 24.0352 15.9167 15.9167 0 0 4
67 444.275 35.1403 0 24.0352 16.3167 16.3167 0 0 2
413 479.666 35.3913 0 24.0352 16.7167 16.7167 0 0 2
607 510.738 31.0713 0 24.1602 23.2167 23.2167 0 0 24
1163 543.714 32.9767 0 24.1602 23.2167 23.2167 0 0 0
81 575.301 31.5865 0 24.1406 25.7 25.7 0 0 9
536 603.071 27.77 0 24.1406 30.4333 30.4333 0 0 18
237 630.488 27.4167 0 24.1406 31.8167 31.8167 0 0 5
4825 659.719 29.2314 0 24.1406 32.25 32.25 0 0 1
16 687.894 28.1748 0 24.1406 32.6 32.6 0 0 1
3684 717.201 29.3075 0 24.1406 33.3667 33.3667 0 0 2
222 743.644 26.443 0 24.1406 35.35 35.35 0 0 5
9 769.947 26.3027 0 24.1406 39.5 39.5 0 0 12
563 796.942 26.9951 0 24.1406 43.8333 43.8333 0 0 13
1160 823.789 26.8472 0 24.1406 48.1833 48.1833 0 0 11
61 848.062 24.2726 0 24.1406 54.6167 54.6167 0 0 17
248 871.317 23.2551 0 24.1406 61.4167 61.4167 0 0 18
193 896.049 24.7321 0 24.1406 61.8 61.8 0 0 1
42 922.803 26.7542 0 24.1406 63 63 0 0 3
38 946.977 24.1738 0 24.1406 66.2333 66.2333 0 0 8
112 970.218 23.2406 0 24.1406 68.3167 68.3167 0 0 5
77 993.282 23.0643 0 24.1406 69.9333 69.9333 0 0 4
197 1016.25 22.9705 0 24.1406 71.2667 71.2667 0 0 3
360 1039.84 23.5862 0 24.1406 75.1333 75.1333 0 0 9
526 1062.28 22.4424 0 24.1406 76.05 76.05 0 0 2
231 1089.02 26.7375 0 24.1406 82.4667 82.4667 0 0 14
240 1107.39 18.3708 0 24.1406 125.867 125.867 0 0 94
