44 12.4389 12.4389 0 16.6562 0.183333 0.183333 0 0 55
34 23.2509 10.812 0 16.6562 0.266667 0.266667 0 0 6
54 29.9212 6.6703 0 16.6562 0.616667 0.616667 0 0 25
26 35.5573 5.6361 0 16.6562 0.716667 0.716667 0 0 6
42 40.1143 4.557 0 16.6562 0.883333 0.883333 0 0 10
33 41.7392 1.6249 0 16.6562 1.66667 1.66667 0 0 44
20 43.6182 1.879 0 16.6562 1.71667 1.71667 0 0 3
32 44.9031 1.2849 0 16.6562 1.76667 1.76667 0 0 3
43 47.3795 2.4764 0 16.6562 1.8 1.8 0 0 2
24 48.2766 0.897099 0 16.6562 1.88333 1.88333 0 0 4
40 49.6878 1.4112 0 16.6562 1.95 1.95 0 0 4
48 50.7267 1.0389 0 16.6562 2.01667 2.01667 0 0 3
55 51.349 0.6223 0 16.6562 2.06667 2.06667 0 0 3
22 51.8628 0.5138 0 16.6562 2.16667 2.16667 0 0 5
39 52.3294 0.466599 0 16.6562 2.23333 2.23333 0 0 4
45 52.71 0.380601 0 16.6562 2.35 2.35 0 0 6
31 52.9815 0.271501 0 16.6562 2.51667 2.51667 0 0 9
50 53.1897 0.2082 0 16.6562 2.61667 2.61667 0 0 6
36 53.3828 0.193103 0 16.6562 2.68333 2.68333 0 0 4
19 53.5925 0.209699 0 16.6562 2.7 2.7 0 0 1
46 53.7771 0.184601 0 16.6562 2.76667 2.76667 0 0 3
30 53.9228 0.1457 0 16.6562 2.81667 2.81667 0 0 3
8 54.0022 0.0794018 0 16.6562 2.96667 2.96667 0 0 9
49 54.1463 0.144099 0 16.6562 3 3 0 0 2
14 54.2097 0.0633987 0 16.6562 3.03333 3.03333 0 0 2
52 54.2719 0.0621985 0 16.6562 3.08333 3.08333 0 0 2
41 54.3301 0.0581998 0 16.6562 3.1 3.1 0 0 1
21 54.3623 0.032199 0 16.6562 3.16667 3.16667 0 0 4
35 54.4321 0.0697991 0 16.6562 3.18333 3.18333 0 0 1
16 54.4443 0.0122016 0 16.6562 3.26667 3.26667 0 0 5
6 54.4735 0.0292 0 16.6562 3.26667 3.26667 0 0 0
5 54.4847 0.0111969 0 16.6562 3.28333 3.28333 0 0 1
1 54.4882 0.00350075 0 16.6562 3.3 3.3 0 0 1
51 54.499 0.0107989 0 16.6562 3.31667 3.31667 0 0 1
29 54.5059 0.00689945 0 16.6562 3.33333 3.33333 0 0 1
