1 640 58.2092
2 132 120.768
3 125 166.402
4 67 202.35
5 413 237.186
6 275 278.068
7 607 313.717
8 4825 347.996
9 288 392.257
10 237 421.995
11 563 450.229
12 101 493.231
13 38 519.746
14 609 555.612
15 42 579.851
16 1160 606.619
17 77 634.442
18 560 662.938
19 240 689.369
20 268 728.048
21 193 750.915
22 81 783.087
23 536 808.181
24 3684 843.201
25 222 865.065
26 990 889.316
27 508 906.842
28 475 932.873
29 61 957.283
30 16 983.308
31 1828 1003.76
32 683 1021.59
33 1157 1047.53
34 513 1069.11
35 1450 1090.04
36 146 1109.52
37 24 1130.46
38 231 1152.38
39 5630 1174.56
40 360 1199.45
41 112 1219.3
42 308 1238.2
43 1693 1257.36
44 248 1283.12
45 2463 1297.77
