640 42.7427 42.7427 0 54.4297 0.0666667  0 0 15229
132 75.9559 33.2132 0 54.4297 0.0666667  0 0 1
125 106.43 30.4741 0 54.4297 0.0666667  0 0 2
67 132.694 26.2636 0 54.4297 0.0666667  0 0 3
413 158.084 25.3904 0 54.4297 0.0833333  0 0 1
275 182.797 24.7133 0 54.4297 0.0833333  0 0 2
607 207.254 24.4564 0 54.4297 0.0833333  0 0 1
4825 230.561 23.3069 0 54.4297 0.0833333  0 0 4
288 253.697 23.1368 0 54.4297 0.0833333  0 0 1
237 276.486 22.7889 0 54.4297 0.0833333  0 0 3
563 298.908 22.4213 0 54.4297 0.0833333  0 0 1
101 321.088 22.18 0 54.4297 0.1  0 0 3
38 343.074 21.9867 0 54.4297 0.1  0 0 3
609 364.987 21.9133 0 54.4297 0.1  0 0 1
42 386.324 21.3365 0 54.4297 0.1  0 0 3
1160 407.527 21.2032 0 54.4297 0.1  0 0 1
77 428.579 21.0517 0 54.4297 0.1  0 0 1
560 449.557 20.978 0 54.4297 0.116667  0 0 1
240 470.15 20.5934 0 54.4297 0.116667  0 0 2
268 489.64 19.4897 0 54.4297 0.116667  0 0 6
193 509.114 19.4744 0 54.4297 0.133333  0 0 1
81 528.581 19.4671 0 54.4297 0.133333  0 0 1
536 547.838 19.2567 0 54.4297 0.133333  0 0 2
3684 567.054 19.2163 0 54.4297 0.133333  0 0 1
222 586.02 18.9659 0 54.4297 0.15  0 0 3
990 604.643 18.6227 0 54.4297 0.15  0 0 4
508 623.14 18.4966 0 54.4297 0.15  0 0 1
475 641.564 18.4243 0 54.4297 0.166667  0 0 1
61 659.837 18.2735 0 54.4297 0.166667  0 0 3
16 678.002 18.165 0 54.4297 0.166667  0 0 1
1828 696.162 18.1594 0 54.4297 0.166667  0 0 1
683 714.098 17.936 0 54.4297 0.183333  0 0 3
1157 732.012 17.914 0 54.4297 0.183333  0 0 1
513 749.457 17.4453 0 54.4297 0.216667  0 0 10
1450 766.881 17.4244 0 54.4297 0.216667  0 0 1
146 784.235 17.3532 0 54.4297 0.233333  0 0 3
24 801.413 17.1782 0 54.4297 0.25  0 0 5
231 818.563 17.1502 0 54.4297 0.25  0 0 2
5630 835.604 17.0413 0 54.4297 0.25  0 0 2
360 852.52 16.9152 0 54.4297 0.266667  0 0 1
112 869.411 16.8912 0 54.4297 0.266667  0 0 2
308 886.262 16.8512 0 54.4297 0.266667  0 0 1
1693 902.954 16.6926 0 54.4297 0.283333  0 0 5
248 919.626 16.6715 0 54.4297 0.3  0 0 2
2463 936.285 16.6591 0 54.4297 0.3  0 0 1
