44 12.2193 12.2193 0 16.6562 0.183333 0.183333 0 0 55
34 22.9433 10.724 0 16.6562 0.283333 0.283333 0 0 8
43 29.7638 6.8205 0 16.6562 0.583333 0.583333 0 0 22
33 35.452 5.6882 0 16.6562 0.75 0.75 0 0 10
51 40.3601 4.9081 0 16.6562 0.833333 0.833333 0 0 5
26 41.523 1.1629 0 16.6562 1.68333 1.68333 0 0 49
54 44.4166 2.8936 0 16.6562 1.7 1.7 0 0 1
32 46.3584 1.9418 0 16.6562 1.71667 1.71667 0 0 1
24 47.5027 1.1443 0 16.6562 1.73333 1.73333 0 0 1
20 48.2859 0.783199 0 16.6562 1.76667 1.76667 0 0 2
40 49.5618 1.2759 0 16.6562 1.83333 1.83333 0 0 4
39 50.3168 0.755002 0 16.6562 1.86667 1.86667 0 0 1
21 50.7148 0.398001 0 16.6562 1.9 1.9 0 0 2
55 51.5635 0.848698 0 16.6562 1.95 1.95 0 0 3
48 52.1555 0.592001 0 16.6562 1.96667 1.96667 0 0 1
35 52.4929 0.337402 0 16.6562 1.98333 1.98333 0 0 1
30 52.6779 0.184998 0 16.6562 2 2 0 0 1
45 52.9824 0.304502 0 16.6562 2.06667 2.06667 0 0 3
31 53.1112 0.128801 0 16.6562 2.08333 2.08333 0 0 1
36 53.2385 0.127302 0 16.6562 2.1 2.1 0 0 1
19 53.3669 0.128401 0 16.6562 2.11667 2.11667 0 0 1
29 53.456 0.0890986 0 16.6562 2.13333 2.13333 0 0 1
22 53.5873 0.131299 0 16.6562 2.15 2.15 0 0 1
25 53.6325 0.0452007 0 16.6562 2.16667 2.16667 0 0 1
49 53.8126 0.1801 0 16.6562 2.18333 2.18333 0 0 1
