1 640 57.6756
2 132 121.266
3 125 166.136
4 67 202.83
5 413 236.968
6 275 279.029
7 607 315.16
8 4825 343.238
9 288 391.141
10 237 424.122
11 563 451.44
12 101 496.026
13 38 519.072
14 609 553.99
15 42 581.998
16 1160 606.675
17 77 632.991
18 560 659.15
19 240 692.664
20 268 726.628
21 193 751.456
22 81 785.885
23 536 810.266
24 3684 842.49
25 222 865.172
26 990 887.341
27 508 907.553
28 475 929.826
29 61 955.433
30 16 982.14
31 1828 1004.14
32 683 1022.5
33 1157 1044.09
34 513 1067.76
35 1450 1087.08
