1 640 58.1103
2 132 121.321
3 125 166.43
4 67 201.206
5 413 236.394
6 275 277.613
7 607 313.25
8 4825 345.58
9 288 391.624
10 237 421.052
11 563 449.325
12 101 493.942
13 38 519.632
14 609 552.469
15 42 581.835
16 1160 607.339
17 77 631.79
18 560 662.899
19 240 692.556
20 268 726.686
21 193 750.578
22 81 784.665
23 536 811.355
24 3684 840.242
25 222 864.844
26 990 888.469
27 508 909.181
28 475 930.685
29 61 956.549
30 16 983.151
31 1828 1005.18
32 683 1023.72
33 1157 1043.21
34 513 1065.63
35 1450 1087.16
36 146 1110.63
37 24 1130.27
38 231 1156.41
39 5630 1170.72
40 360 1198.43
41 112 1218.92
42 308 1239.63
43 1693 1259.93
44 248 1281.59
45 2463 1299.23
46 742 1320.1
47 9 1345.78
48 516 1359.26
49 157 1383.38
50 1430 1400.91
