1 39 10.11
2 44 20.2402
3 34 28.1717
4 43 33.9352
5 40 37.0899
6 54 39.5567
7 55 40.8817
8 48 41.9771
9 42 42.4106
10 45 42.8035
11 19 45.3405
12 46 45.5604
13 22 47.4406
14 50 47.5977
15 41 47.5535
16 52 47.8026
17 51 47.6924
18 49 47.926
19 53 47.8478
20 20 50.0613
21 33 51.6612
22 21 52.3897
23 26 53.1584
24 28 53.4005
25 38 53.6858
26 32 54.0359
27 24 54.2896
28 36 54.4552
29 35 54.5476
30 30 54.5784
31 31 54.6527
32 8 54.7039
33 29 54.7009
34 16 54.7452
35 14 54.7609
36 25 54.7774
37 47 54.8068
38 23 54.9023
39 4 54.9244
40 7 54.9478
41 27 54.9557
42 15 54.9597
43 3 54.9684
44 10 54.9839
45 2 54.9818
46 37 54.9903
47 17 54.9907
48 11 54.9932
49 12 54.9976
50 13 55.0008
