39 4.54151 4.54151 0 28.2891 0.0166667  
44 8.8617 4.32018 0 28.2891 0.0166667  
34 13.1247 4.26304 0 28.2891 0.0166667  
43 17.3441 4.21932 0 28.2891 0.0166667  
40 21.4625 4.11848 0 28.2891 0.0166667  
54 25.6638 4.20127 0 28.2891 0.0166667  
55 29.7883 4.12451 0 28.2891 0.0166667  
48 33.9272 4.13885 0 28.2891 0.0166667  
42 38.0369 4.10977 0 28.2891 0.0166667  
45 42.093 4.05602 0 28.2891 0.0166667  
19 46.1149 4.02197 0 28.2891 0.0166667  
46 49.8186 3.70369 0 28.2891 0.0166667  
22 53.4816 3.66299 0 28.2891 0.0166667  
50 57.0727 3.59106 0 28.2891 0.0166667  
41 60.6517 3.57907 0 28.2891 0.0166667  
52 64.2225 3.57082 0 28.2891 0.0166667  
51 67.8103 3.58778 0 28.2891 0.0166667  
49 71.391 3.58069 0 28.2891 0.0166667  
53 74.8965 3.5055 0 28.2891 0.0166667  
20 78.3918 3.49527 0 28.2891 0.0166667  
33 81.8754 3.48363 0 28.2891 0.0166667  
21 85.3863 3.51088 0 28.2891 0.0166667  
26 88.9178 3.53147 0 28.2891 0.0166667  
28 92.4251 3.50735 0 28.2891 0.0166667  
38 95.9246 3.49947 0 28.2891 0.0166667  
32 99.3954 3.47077 0 28.2891 0.0166667  
24 102.843 3.44713 0 28.2891 0.0166667  
36 106.208 3.36598 0 28.2891 0.0166667  
35 109.535 3.32602 0 28.2891 0.0166667  
30 112.853 3.31842 0 28.2891 0.0166667  
31 116.164 3.311 0 28.2891 0.0166667  
8 119.425 3.26081 0 28.2891 0.0166667  
29 122.672 3.24749 0 28.2891 0.0166667  
16 125.876 3.20375 0 28.2891 0.0166667  
14 129.024 3.14834 0 28.2891 0.0166667  
25 132.127 3.1027 0 28.2891 0.0166667  
47 135.147 3.02019 0 28.2891 0.0166667  
23 138.123 2.97591 0 28.2891 0.0166667  
4 141.096 2.97267 0 28.2891 0.0166667  
7 144.066 2.97047 0 28.2891 0.0166667  
