1 39 10.0601
2 44 19.9637
3 34 28.1012
4 43 33.865
5 40 37.07
6 54 39.3631
7 55 40.7125
8 48 41.8735
9 42 42.3626
10 45 42.8489
11 19 45.2641
12 46 45.4593
13 22 47.3078
14 50 47.491
15 41 47.6391
16 52 47.901
17 51 47.7618
18 49 47.8865
19 53 48.0574
20 20 50.0063
21 33 51.6711
22 21 52.4339
23 26 53.1919
24 28 53.3541
25 38 53.6687
26 32 54.0475
27 24 54.3042
28 36 54.4524
29 35 54.5402
30 30 54.5913
31 31 54.642
32 8 54.7001
33 29 54.7112
34 16 54.7639
35 14 54.7517
36 25 54.7667
37 47 54.8059
38 23 54.9021
39 4 54.9127
40 7 54.9522
