321 878.673 878.673 0 67.1094 57.8667 57.8667 0 0 114222
112586 1622.03 743.36 0 67.4844 58.8 58.8 0 0 1
353 2176.98 554.951 0 67.4492 60.2 60.2 0 0 1
68214 2720.03 543.052 0 67.707 62.3667 62.3667 0 0 1
12168 3238.04 518.008 0 67.8125 64.9833 64.9833 0 0 1
852 3710.44 472.399 0 67.8477 71.3167 71.3167 0 0 2
72164 4156.69 446.252 0 67.8438 74.4333 74.4333 0 0 1
5355 4584.29 427.592 0 67.8477 78.0833 78.0833 0 0 1
167 4999.34 415.058 0 67.9297 82.2167 82.2167 0 0 1
21255 5354.36 355.014 0 67.9453 86.6833 86.6833 0 0 1
12041 5642.07 287.709 0 67.9453 91.1 91.1 0 0 1
