132 63.6976 63.6976 0 24.0352 8.83333 8.83333 0 0 15229
640 121.496 57.7981 0 24.0352 8.91667 8.91667 0 0 2
101 171.205 49.7091 0 24.0352 9.23333 9.23333 0 0 3
288 219.326 48.1208 0 24.0352 9.23333 9.23333 0 0 0
125 263.153 43.827 0 24.0352 9.58333 9.58333 0 0 2
268 302.489 39.3364 0 24.0352 10.9333 10.9333 0 0 8
275 338.847 36.3581 0 24.0352 11.8 11.8 0 0 4
609 374.35 35.5031 0 24.0352 13.0167 13.0167 0 0 6
1293 409.135 34.7846 0 24.0352 14.0833 14.0833 0 0 4
67 444.275 35.1403 0 24.0352 14.65 14.65 0 0 2
413 479.666 35.3913 0 24.0352 15.0833 15.0833 0 0 2
607 510.738 31.0713 0 24.1602 22.0667 22.0667 0 0 24
1163 543.714 32.9767 0 24.1602 22.0667 22.0667 0 0 0
81 575.301 31.5865 0 24.1406 24.7 24.7 0 0 9
536 603.071 27.77 0 24.1406 31.1667 31.1667 0 0 18
237 630.488 27.4167 0 24.1406 32.5833 32.5833 0 0 5
4825 659.719 29.2314 0 24.1406 32.8833 32.8833 0 0 1
16 687.894 28.1748 0 24.1406 33.1667 33.1667 0 0 1
3684 717.201 29.3075 0 24.1406 33.8167 33.8167 0 0 2
222 743.644 26.443 0 24.1406 35.4667 35.4667 0 0 5
