321 854.233 854.233 0 153.988 2.63333  0 0 114222
112586 1554.09 699.861 0 154.066 2.83333  0 0 1
353 2082.77 528.68 0 154.066 3  0 0 1
68214 2579.28 496.509 0 154.066 3.28333  0 0 1
12168 3060.35 481.067 0 154.066 3.6  0 0 1
852 3519.13 458.779 0 154.066 3.93333  0 0 1
72164 3940.48 421.348 0 154.066 4.31667  0 0 1
5355 4333.29 392.814 0 154.066 4.7  0 0 1
167 4717.96 384.671 0 154.066 5.18333  0 0 1
21255 5067.53 349.571 0 154.066 5.61667  0 0 1
12041 5354.53 286.995 0 154.066 6.03333  0 0 1
29936 5621.08 266.557 0 154.066 6.43333  0 0 1
1166 5841.18 220.099 0 154.066 6.81667  0 0 1
12511 6054.73 213.544 0 154.066 7.23333  0 0 1
48758 6261.91 207.181 0 154.066 8.08333  0 0 2
328 6462.84 200.93 0 154.066 8.5  0 0 1
112892 6651.82 188.987 0 154.066 9.38333  0 0 2
735 6834.34 182.517 0 154.066 10.2667  0 0 2
24419 7005.45 171.105 0 154.066 11.6667  0 0 3
96564 7176.2 170.753 0 154.066 12.1333  0 0 1
29873 7340.42 164.221 0 154.066 12.6333  0 0 1
11250 7499.04 158.623 0 154.066 14.1  0 0 3
57101 7657.23 158.185 0 154.066 14.6  0 0 1
32032 7813.09 155.86 0 154.066 15.0833  0 0 1
2220 7958.03 144.941 0 154.066 15.5833  0 0 1
11802 8098.25 140.215 0 154.066 16.0833  0 0 1
20 8225.64 127.396 0 154.066 17.1333  0 0 2
23624 8348.93 123.287 0 154.066 17.65  0 0 1
4071 8471.08 122.152 0 154.066 18.7167  0 0 2
66501 8590.5 119.418 0 154.066 19.8  0 0 2
2358 8705.87 115.374 0 154.066 20.9  0 0 2
1608 8819.03 113.156 0 154.066 21.4667  0 0 1
5560 8930.62 111.594 0 154.066 23.1167  0 0 3
11912 9041.36 110.734 0 154.066 25.3667  0 0 4
24550 9150.12 108.761 0 154.066 26.4833  0 0 2
