1 34 12.3367
2 44 23.2578
3 54 29.7673
4 33 35.5072
5 40 38.9704
6 26 42.5225
7 39 44.2779
8 48 46.2607
9 32 47.634
10 55 49.0079
11 24 49.7856
12 45 50.7571
13 22 51.2208
14 42 51.7637
15 19 52.1005
16 46 52.5455
17 20 52.8885
18 51 53.1246
19 8 53.3318
20 36 53.4875
21 49 53.6914
22 38 53.9853
23 52 54.1222
24 31 54.2468
25 47 54.3279
26 21 54.3768
27 16 54.4916
28 41 54.5596
29 35 54.6069
30 23 54.7255
31 3 54.7719
32 53 54.8014
33 14 54.8362
34 30 54.8675
35 13 54.8985
36 2 54.901
37 29 54.9215
38 10 54.9374
39 12 54.9492
40 15 54.9539
41 25 54.9587
42 28 54.9637
43 9 54.9682
44 17 54.9762
45 5 54.9761
