321 837.424 837.424 0 487.652 1.43333  
112586 1490.78 653.351 0 487.652 1.6  
353 2003.95 513.17 0 487.652 1.65  
68214 2489.4 485.455 0 487.652 1.78333  
12168 2982.83 493.432 0 487.652 1.81667  
852 3433.35 450.517 0 487.652 1.83333  
72164 3871.2 437.853 0 487.652 1.88333  
5355 4256.16 384.957 0 487.652 1.93333  
167 4627.2 371.04 0 487.652 2.01667  
21255 4972.05 344.853 0 487.652 2.03333  
12041 5267.04 294.984 0 487.652 2.03333  
29936 5545.05 278.011 0 487.652 2.05  
1166 5764.48 219.428 0 487.652 2.06667  
12511 5978.1 213.623 0 487.652 2.11667  
328 6183.9 205.799 0 487.652 2.11667  
